test <-1
remove <-23
keep <-18
