variable1 <-1
dont <- 13
