variable1 <-1
dont <- 13
keep <-24
